-4.755648125682482963e+00 1.059066077738801503e+01 1.232632866546502948e+00 6.336987146607482579e-02 -3.439040072635209389e-01 6.738983509181679654e-01 -6.508266326820367764e-01
-5.236853821707578405e+00 1.049674867501930997e+01 1.685967403986048163e+00 5.518429915677241365e-02 -3.469987976624698267e-01 6.802354811778232868e-01 -6.432932594813592919e-01
-4.881803679097896698e+00 1.063451998511424712e+01 1.506932948281797913e+00 4.276892155121283373e-02 -3.378543887241028942e-01 6.760423620502417075e-01 -6.534462151414904829e-01
-5.452831618508079181e+00 1.060968074741520084e+01 1.539558430342390150e+00 4.363546804023240439e-02 -3.365746645853139873e-01 6.749367885903503339e-01 -6.551898751473025362e-01
-4.328318860037007276e+00 1.114639580029871802e+01 1.432429695345256659e+00 4.231902783389378947e-02 -3.369134542823683520e-01 6.720727722588923925e-01 -6.580399782649710705e-01
-4.632034527879517860e+00 1.081342286941627506e+01 1.178118924819851587e+00 4.331319962808599655e-02 -3.358941561308277923e-01 6.720385318615235137e-01 -6.585311642652492692e-01
-3.995700228250482766e+00 1.041685950451462794e+01 6.899104891038655429e-01 4.289277151542453953e-02 -3.358392433729408544e-01 6.715068862915580805e-01 -6.591287540575304638e-01
-4.784860720921916943e+00 1.012553586399240224e+01 7.984084742643012822e-01 4.348602473221958170e-02 -3.355413498613065704e-01 6.704223246327648544e-01 -6.603445122208866369e-01
-5.292671164190315025e+00 9.336591997186097558e+00 8.932134650325346259e-01 4.323697776297386747e-02 -3.354055160788075307e-01 6.706514911349390484e-01 -6.601971531113381975e-01
-4.263932747006090374e+00 8.808071448899108091e+00 5.400796470195379229e-02 5.103234640211713052e-02 -3.375000321410834281e-01 6.754837822724576446e-01 -6.536138675183973401e-01
-3.498291159219444779e+00 8.496788446569851772e+00 -1.847079675497966811e-01 5.127223649978859821e-02 -3.379274551362058121e-01 6.772296185202481000e-01 -6.515644531651466620e-01
-3.878377767017422428e+00 8.317827681629953673e+00 5.534763437211598358e-03 5.098564330116631821e-02 -3.379921055267844365e-01 6.771230911312761114e-01 -6.516641161177763042e-01
-4.189299006905049083e+00 7.946132376430181665e+00 2.279695516673156952e-01 4.804153306540034224e-02 -3.386170067970269426e-01 6.757895580129424928e-01 -6.529464044538570988e-01
-4.219718867070765711e+00 8.733827236076823652e+00 9.515431317587712545e-01 4.869057517484654679e-02 -3.379022356470768873e-01 6.732319317033277351e-01 -6.559040121609682750e-01
-4.238738155589075518e+00 7.757790053233431848e+00 1.433389238930234288e+00 5.180061880691508303e-02 -3.455212243425362373e-01 6.767210825264230456e-01 -6.480589138992856046e-01
-4.823115230761032102e+00 7.387769118526382073e+00 1.834557203744010545e+00 4.860063381874617228e-02 -3.465281746731355694e-01 6.714776505106078153e-01 -6.532028531894782386e-01
-3.727941707347312672e+00 7.467488562833149324e+00 1.077600533930407112e+00 4.891699992286150517e-02 -3.463111653159056669e-01 6.720742122082072889e-01 -6.526805935377609780e-01
-4.812032718095927031e+00 6.793479892035600542e+00 1.574499847150370169e+00 4.896706329004084368e-02 -3.459370384863887926e-01 6.707712514465543618e-01 -6.542138185248299598e-01
-4.665924213407572019e+00 6.797846769974170478e+00 1.522162223070641529e+00 4.932917002758765296e-02 -3.458084852512886553e-01 6.710065904584966434e-01 -6.540132109322120968e-01
-4.725519774231620396e+00 5.682609913764519405e+00 1.286225408080302612e+00 4.932168721567767311e-02 -3.446448820736527363e-01 6.705850462824564095e-01 -6.550595180080911462e-01
-4.395836982087488742e+00 4.989650617550567269e+00 9.624140650560157884e-01 4.885807104733420891e-02 -3.443730920931236672e-01 6.708872401825038967e-01 -6.549277618913843524e-01
-5.062460286984718394e+00 4.677374472324399513e+00 1.297267851492994062e+00 4.706978148762794301e-02 -3.441402763557152022e-01 6.686719363070871003e-01 -6.574418205863160614e-01
-5.878437180577500420e+00 4.726893273825723440e+00 1.610705895906111795e+00 4.725699791266414068e-02 -3.441962784140119580e-01 6.682168733701587815e-01 -6.578616178328353659e-01
-6.486834285291140034e+00 4.178777431999125547e+00 1.807113215146989749e+00 4.775096442278106007e-02 -3.441602309780377178e-01 6.678193207282654420e-01 -6.582483844810225193e-01
-5.844204346407451567e+00 5.018481399827597222e+00 2.011321218811941591e+00 4.873205997376999637e-02 -3.451833554708250706e-01 6.699497932083300356e-01 -6.554699932237408877e-01
-6.169764763105471062e+00 4.060675281068753861e+00 1.611081987132374049e+00 4.957692771079166838e-02 -3.430940725360147603e-01 6.688660425774762830e-01 -6.576068755085794360e-01
-6.042289859189996726e+00 4.290080631636421948e+00 1.777626685818368468e+00 4.904430534060270214e-02 -3.433379248480096235e-01 6.681821767075492025e-01 -6.582144819168610494e-01
-5.923894979832053487e+00 3.680435258840823565e+00 1.607609366960467856e+00 4.756104132740610058e-02 -3.453588493306922191e-01 6.682208010633069462e-01 -6.572261205727790712e-01
-5.860956377296780317e+00 3.350752076101322530e+00 1.617782750286450799e+00 4.294177772419201927e-02 -3.405538624307996587e-01 6.668997025730069028e-01 -6.613802667281394321e-01
-5.476977029725941470e+00 2.960954265560406640e+00 1.372430621294119968e+00 4.271061881887062289e-02 -3.404099353114636295e-01 6.665427074607818136e-01 -6.618290550528926897e-01
-6.396321894533606667e+00 2.856639774664066600e+00 2.167367361947261095e+00 4.156488684525515287e-02 -3.400836398672708039e-01 6.655511634570112633e-01 -6.630664573760222114e-01
-5.577141472580166237e+00 2.144902618340776002e+00 1.865605122507187463e+00 4.101386177121656845e-02 -3.400820835281500032e-01 6.676045932181899900e-01 -6.610341494353669800e-01
-5.478046049820379793e+00 1.941609061960530624e+00 1.666225920102350377e+00 4.320709370065670130e-02 -3.395972062676108627e-01 6.691073690413374964e-01 -6.596227810224233323e-01
-5.985674291069825514e+00 2.586738756269186368e+00 1.882174471881380651e+00 4.256532188828365815e-02 -3.385020720593719390e-01 6.676365376773958360e-01 -6.617144354947969154e-01
-5.098990255076170541e+00 2.390315176006813758e+00 9.908245105181828771e-01 4.224343864576692031e-02 -3.381056251353249387e-01 6.674434226022571970e-01 -6.621324306875604471e-01
-4.521368763539816982e+00 2.686889268677892240e+00 8.460460214888025909e-01 5.008116261202669173e-02 -3.422182203148154689e-01 6.702572813051149714e-01 -6.566077548228197447e-01
-4.416757184119689761e+00 2.014612307889649401e+00 7.608317978882732646e-01 4.316856908749242688e-02 -3.466408499276039112e-01 6.767012845263273846e-01 -6.481141622621937604e-01
-4.708142139702764517e+00 1.818375618882155820e+00 8.976656030013461240e-01 4.224166902411747443e-02 -3.473109991624560577e-01 6.756280591321471851e-01 -6.489356185109285136e-01
-5.099136875036373695e+00 1.896455799282268373e+00 1.242380085276310941e+00 4.043375125736751313e-02 -3.465050644863488793e-01 6.740558833940660799e-01 -6.511129073412794677e-01
-4.203574327506506059e+00 7.395068688088155540e-01 7.248869189771558474e-01 4.032878121534221733e-02 -3.475808694758323325e-01 6.789527566308983797e-01 -6.454334069781433314e-01
-3.734352044771696910e+00 7.068758795765894831e-02 -2.472488656676326002e-01 3.950298814595280816e-02 -3.473433375348407015e-01 6.802845150433781685e-01 -6.442088934420995283e-01
-4.603115417755428318e+00 -8.450945001271303880e-01 -1.982261268168934443e-01 3.529691858511247587e-02 -3.537833413534221538e-01 6.745194602687252239e-01 -6.470046156234062762e-01
-4.643978671069830533e+00 -8.980197480608484994e-01 -1.681603755033018732e-01 3.456978996522615949e-02 -3.554063609591006090e-01 6.738353634455895858e-01 -6.468671820255839089e-01
-3.808408190622577738e+00 -6.381657799733346792e-01 -4.954924245160168272e-01 3.295075548683241984e-02 -3.540544665878703201e-01 6.722129901945830266e-01 -6.493761454008630807e-01
-3.199795819330824465e+00 -6.151105386073236758e-01 -9.851426181048064112e-01 3.347048161406055572e-02 -3.527244500415631090e-01 6.739533391962481135e-01 -6.482685290754338636e-01
-3.314888309943262001e+00 -1.332083086650248660e+00 -2.183135713392026389e+00 3.600735068545851680e-02 -3.510551066692906286e-01 6.746678967232424551e-01 -6.482954665189812893e-01
-3.943655777820056496e+00 -1.219055221216503782e+00 -1.120366436324791826e+00 3.347270185861904446e-02 -3.518013167591775292e-01 6.673347697718110538e-01 -6.555758665558066856e-01
-3.985972737200875304e+00 -1.692461156864013105e+00 -9.617457835135001520e-01 2.680719890420353579e-02 -3.530948049879438222e-01 6.636198163438534747e-01 -6.589492940531815890e-01
-4.945662103210162641e+00 -1.724914617911133874e+00 -4.355011767424192826e-01 2.663460221461342106e-02 -3.532937617758227788e-01 6.624578707585844217e-01 -6.600179431842442268e-01
-5.569501978039619772e+00 -2.625509438301531162e+00 -3.825045779037059557e-01 -2.315436191462536680e-02 3.537204427952955754e-01 -6.608097647071741187e-01 6.615709929710308357e-01
-5.066435641582069493e+00 -2.561684191532901167e+00 -7.157438573750116717e-01 2.199110139464828181e-02 -3.539105206416831018e-01 6.617215585962810120e-01 -6.605969374190979737e-01
-5.218744891529552454e+00 -3.188263129997846335e+00 -1.254016760666248009e+00 -2.508491366225800226e-02 3.537515492535796557e-01 -6.597576478764975993e-01 6.625333460103880467e-01
-4.002153562713801627e+00 -2.843720502760481494e+00 -1.336032085830710647e+00 2.583887609689917986e-02 -3.546504414301784869e-01 6.618626558378525315e-01 -6.599191175308479762e-01
-3.304245329033969725e+00 -2.254465204527058120e+00 -1.919524497389892170e+00 2.562618698751791685e-02 -3.528776933598793408e-01 6.624999273555530754e-01 -6.602381981704622538e-01
-2.924288439115503291e+00 -2.899850298864478759e+00 -2.610915797573868602e+00 2.593309372827165560e-02 -3.529132888932480228e-01 6.628784218866834443e-01 -6.598271614364261684e-01
-3.290498220484008751e+00 -3.127716883461035380e+00 -2.515412050924589416e+00 -2.489594022423418165e-02 3.544985843088394595e-01 -6.572782824028087223e-01 6.646022911222874141e-01
-3.465774031398704658e+00 -3.096749432941557245e+00 -2.397871744047312070e+00 -2.371426701457244809e-02 3.546811385630013747e-01 -6.547211310689750041e-01 6.670675857957547583e-01
-2.947292946916209466e+00 -2.755003526969170835e+00 -2.255277622378574875e+00 -2.625302322770537572e-02 3.598746587491394866e-01 -6.588575619321735966e-01 6.600816024147228012e-01
-3.294841744201804978e+00 -2.857919893722041138e+00 -2.350606341792299325e+00 -2.599865377726331972e-02 3.571273191150817206e-01 -6.584609939624797015e-01 6.619767876394062611e-01
-3.533778150231790427e+00 -3.729336003870407978e+00 -2.216898426514039677e+00 -2.269882730430100234e-02 3.587526197841625075e-01 -6.581718026256236920e-01 6.615067643384658913e-01
-4.492865648212966967e+00 -3.409686651325058548e+00 -1.325699636103142121e+00 -2.232938928122256417e-02 3.588335455218658043e-01 -6.584797955404271264e-01 6.611688467007290626e-01
-4.791225349307103976e+00 -3.834178114829907003e+00 -1.708966799906175060e+00 -2.247038426557979376e-02 3.587427563581742640e-01 -6.582201665178883943e-01 6.614717900112293547e-01
-4.165481018754640274e+00 -3.133173273707289042e+00 -1.906541899371194448e+00 -2.323682988413747902e-02 3.582327320098973034e-01 -6.592497585463882315e-01 6.606959325667062233e-01
-4.550765157017177209e+00 -2.855748219678872601e+00 -1.606665261880508178e+00 -2.481821243088155882e-02 3.573612271048952627e-01 -6.597418886239866387e-01 6.606191414791690031e-01
-4.776355600598751749e+00 -2.025696986050057546e+00 -6.104043753180163900e-01 -1.965261698770721932e-02 3.575004880477879454e-01 -6.587864544275181533e-01 6.616702979233292092e-01
-5.266799586532813215e+00 -1.025689067981311098e+00 -6.788662102879783333e-02 -2.024289625261086953e-02 3.571057695491769990e-01 -6.576320051830717439e-01 6.630126999273002752e-01
-5.067534730195818682e+00 -2.006112251044703143e+00 1.611741103437140943e-01 -1.903787836423090005e-02 3.584646300736170632e-01 -6.569220007508416170e-01 6.630189688863243891e-01
-5.333653535897468601e+00 -2.433730341777144091e+00 -6.239707581098796751e-02 -2.023448824233452237e-02 3.583354841928550472e-01 -6.572200614909499139e-01 6.627579022747860371e-01
-4.563688778427049897e+00 -2.359066277160156488e+00 -1.679814562914261344e-02 -2.080387569126307401e-02 3.604130594136406573e-01 -6.593501071808286484e-01 6.594900010773110388e-01
-4.414940789238152696e+00 -2.710738415133029378e+00 -1.957445440320046970e-01 2.206702614545568916e-02 -3.675261076625990220e-01 6.692003427753400180e-01 -6.454521731103266546e-01
-3.586570671731737825e+00 -2.415577512073131317e+00 -8.012963291017018985e-01 2.155231442705569933e-02 -3.669438198144358010e-01 6.704801145999088607e-01 -6.444719906783547003e-01
-4.335020373112411285e+00 -2.049754323267164224e+00 -1.523053118305011111e-01 2.084030919076296923e-02 -3.663833523170954565e-01 6.684349042481336767e-01 -6.469340765800707382e-01
-3.867625241426416949e+00 -2.517023058255972501e+00 -5.091783802621527855e-01 2.218184484302204371e-02 -3.684528092802517585e-01 6.697766051074268701e-01 -6.443211872533918250e-01
-3.869996283544238747e+00 -2.476818923556946217e+00 -4.760535294855421373e-01 2.187295050957515155e-02 -3.685957966220324011e-01 6.685221625756507802e-01 -6.455515710566819276e-01
-3.958011966723721020e+00 -3.165767987174328724e+00 -2.837188939873975801e-01 2.183239862882960236e-02 -3.672263145578340549e-01 6.695866459296777595e-01 -6.452301169807768133e-01
-2.485973643753230711e+00 -2.623146772700081897e+00 -6.440852883579857302e-01 2.178148196963574160e-02 -3.673372867902010563e-01 6.695157047897333236e-01 -6.452422845851988331e-01
-3.822331224113184156e+00 -3.262470503529590005e+00 4.716294425542301161e-01 1.513227227373860860e-02 -3.683851138848429074e-01 6.615066513420633232e-01 -6.530485222662206768e-01
-4.313415569546617867e+00 -4.236570291447719683e+00 5.358632475420012087e-01 1.328987796746471800e-02 -3.683854538770356957e-01 6.595890822372224571e-01 -6.550250217425888088e-01
-5.234652246991286617e+00 -5.039580598412038981e+00 7.146479478442103739e-01 1.324613834064388568e-02 -3.686898166971176449e-01 6.590832209057929658e-01 -6.553637667764004027e-01
-4.658544090027083584e+00 -3.719222536914653432e+00 1.590437729893418695e+00 1.268428890386758684e-02 -3.663746228246978487e-01 6.598240893667265405e-01 -6.559275231734323919e-01
-4.623203674552624598e+00 -3.882050293039643662e+00 1.242735151813866956e+00 1.747645833820504757e-02 -3.726312252905585320e-01 6.675050440481560265e-01 -6.444203282894475082e-01
-4.084822404471823099e+00 -3.689370785401852260e+00 1.332373740574873899e+00 1.951509225380643892e-02 -3.731644834563295210e-01 6.685244500508151777e-01 -6.429949371070905473e-01
-5.061879233085638141e+00 -4.100478284956791342e+00 1.567361929622975936e+00 1.617282638468225259e-02 -3.735407867368750190e-01 6.640242100903229749e-01 -6.475164621418130206e-01
-4.759644872620035549e+00 -5.193588160252705421e+00 1.487754435818382071e+00 1.302780852560489824e-02 -3.733297851097516773e-01 6.658666977303644430e-01 -6.458147479026676852e-01
-5.447352101365295240e+00 -6.011298136474342968e+00 1.473153376863804986e+00 1.201901335001866189e-02 -3.740507170333182141e-01 6.649175174107729847e-01 -6.463948479414474146e-01
-5.773055817184439498e+00 -6.113042947243789271e+00 1.550372350660224274e+00 1.115109577524834271e-02 -3.756205573672291576e-01 6.623724225015480416e-01 -6.481108114015488031e-01
-5.653770333372849066e+00 -6.141426800395143104e+00 1.380700057880806408e+00 1.209193107987024951e-02 -3.759468389227972329e-01 6.632537069935472429e-01 -6.470025345128360694e-01
-5.799372710349391724e+00 -6.505965799721804999e+00 1.027844991925499052e+00 1.307863979543968415e-02 -3.768423258772746198e-01 6.642061117218496236e-01 -6.454835797755422711e-01
-5.877597747244378112e+00 -6.508287052291402475e+00 1.067888861225466890e+00 1.320062629708338049e-02 -3.771211337861037904e-01 6.638325911461663287e-01 -6.457024739378153244e-01
-5.615682604458889671e+00 -6.395389798827673999e+00 9.396952316253543991e-01 1.321958904369496292e-02 -3.769846607429136465e-01 6.639004148645621939e-01 -6.457120466374530743e-01
-5.863414340963359450e+00 -6.281574581925918110e+00 1.256302507034307903e+00 -5.455690369809708916e-03 3.694306890200161342e-01 -6.562017796288154292e-01 6.579440902270955460e-01
-7.259988531336441397e+00 -6.242798237270845263e+00 1.313055642067421758e+00 -4.162803357259808076e-04 3.636793089653594380e-01 -6.586691135911700856e-01 6.587049307103923779e-01
-6.844275979581965430e+00 -7.179283308540947317e+00 1.037640210930143025e+00 4.752974049882214115e-04 3.638616044783873904e-01 -6.582419785248811994e-01 6.590311104845052448e-01
-7.070488387121041995e+00 -7.513051383913795789e+00 1.051418561088781622e+00 6.652427063194862140e-04 3.648130753350309341e-01 -6.576995984477773671e-01 6.590464442801972078e-01
-6.719148337170794960e+00 -7.476298503382102112e+00 9.185809724448996683e-01 2.545066383446237886e-04 3.650503461109476655e-01 -6.580927749504696944e-01 6.585226492601745640e-01
-6.459841219954718383e+00 -8.084898872131558889e+00 7.598930468630280544e-01 1.863994253512550039e-03 3.669692345501298081e-01 -6.568971335398964273e-01 6.586472973953373389e-01
-6.115659361488665624e+00 -8.134702333400765539e+00 2.340971998970873269e-01 3.792790594992795795e-04 3.676658185843372229e-01 -6.563590648907799974e-01 6.587977534325727413e-01
-5.417074956253462581e+00 -8.433412395705298437e+00 -4.090707062722152010e-01 -2.238985787265325065e-05 3.680006911670040681e-01 -6.568215941569625071e-01 6.581495910873210731e-01
-6.516791007331468322e+00 -8.605029971296774605e+00 -1.758509143993189916e-01 1.022200337785971521e-03 3.679601294731684735e-01 -6.571033488351138985e-01 6.578901786576822897e-01
-6.045242506772896540e+00 -9.118517355533880320e+00 -9.725239576141062603e-01 1.528734638166483325e-03 3.679059755393705999e-01 -6.571681049240918338e-01 6.578548000914092864e-01
-4.919485724785785052e+00 -8.349794969807922129e+00 -6.896847492841564620e-01 -3.563610284334111419e-04 -3.686570882343012112e-01 6.578683331108083898e-01 -6.567351677742181426e-01
