1.180129331952924510e+01 2.539521159625080848e+00 9.918567199648813393e-01 -4.409507253524817122e-02 4.900989033822655272e-01 8.363373084467747853e-01 -2.416580145197264606e-01
1.155629280892369870e+01 2.784829729530090336e+00 6.403791086893142470e-01 -5.218010097793690516e-02 4.948774917627009606e-01 8.332220073741074540e-01 -2.410696821171281201e-01
1.176567761742234808e+01 2.714680921013516102e+00 8.595658972671795794e-01 -4.688223472542125264e-02 5.042845250079859287e-01 8.254185985521922397e-01 -2.493658177632923079e-01
1.155669888030791270e+01 2.694998980965640722e+00 4.920043904946962976e-01 -4.469561090142446652e-02 5.044297662177360531e-01 8.253646282792881372e-01 -2.496520452651271871e-01
1.225086542979085991e+01 2.689317251778857276e+00 1.102799197423572020e+00 -4.440209434651679055e-02 5.050160037967009741e-01 8.247966861191105004e-01 -2.503951207467651763e-01
1.187966751631729423e+01 2.691163785880170689e+00 1.195482615048203856e+00 -4.483251699774450788e-02 5.051319729162538907e-01 8.248954912844496112e-01 -2.497582107078093749e-01
1.122255574715676296e+01 2.680267242505425251e+00 1.120108103843992176e+00 -4.482413519949761394e-02 5.051463015849815275e-01 8.246638317219503467e-01 -2.504946617161788458e-01
1.069664317109140583e+01 2.712710884776233566e+00 7.800804766037808813e-01 -4.440748962858875881e-02 5.046424140236974720e-01 8.249200739108979441e-01 -2.507406638183377057e-01
1.008813393705022676e+01 2.830535938833697696e+00 4.607859371462751374e-01 -4.419861224808446787e-02 5.046994810139387999e-01 8.247945077206523257e-01 -2.510755594904670041e-01
9.565335018777762599e+00 2.343899642556452001e+00 1.239268907486550386e+00 -4.733727978072359288e-02 5.015819042166699271e-01 8.283231956932304296e-01 -2.450621528957402651e-01
9.383408324679507473e+00 2.255753867812039903e+00 1.842335712640211565e+00 -4.988563996856167082e-02 5.022571574325352950e-01 8.284531454866526090e-01 -2.427232095741723161e-01
9.159908756668837526e+00 2.365242317886420143e+00 1.609267753852619443e+00 -4.971785365473670865e-02 5.024509931724624456e-01 8.282277272052659400e-01 -2.431254128559412475e-01
8.812094544233440629e+00 2.460079641341065049e+00 1.449761396831288129e+00 -4.998199066570061661e-02 5.035401123295683012e-01 8.269652925584608516e-01 -2.451072434423736124e-01
9.540665641350670967e+00 2.766779040506153198e+00 1.418387076137158864e+00 -4.816785917557822594e-02 5.031555475988618298e-01 8.268029654062927225e-01 -2.468019624279592372e-01
8.778824060576587485e+00 3.025462357770829946e+00 1.441642971789606431e+00 -5.698015951061163875e-02 4.979004089803901190e-01 8.302523018349937667e-01 -2.439868018090323165e-01
8.459620491350932525e+00 3.301189968416093468e+00 1.027431490183366769e+00 -5.378859661666347824e-02 4.971704329377221732e-01 8.290695516952466537e-01 -2.501440103987506158e-01
8.249830758402451281e+00 2.786876248728530125e+00 1.842163157771194104e+00 -5.405398842658501457e-02 4.974023189251404742e-01 8.290823042075121663e-01 -2.495829167091242473e-01
7.492277691468617107e+00 3.065997179470802081e+00 1.230663174431658291e+00 -5.307946054706871170e-02 4.973273399058843469e-01 8.287527181228564466e-01 -2.510319104300218762e-01
7.386793229035371056e+00 3.056140324066600300e+00 1.186470759149206078e+00 -5.280482024655728385e-02 4.973682783608956992e-01 8.286987260462985727e-01 -2.511869186249341412e-01
6.545913654065164344e+00 3.025693445197386033e+00 1.121354038806707809e+00 -5.222361246435017895e-02 4.977847421329623656e-01 8.282433448648556240e-01 -2.519841393577566535e-01
5.946450812951387555e+00 2.914815851625371046e+00 1.208355108019964153e+00 -5.241946587317276168e-02 4.978656862439439501e-01 8.281760942744629261e-01 -2.520045930746382945e-01
5.591200460677499429e+00 3.113404785898712390e+00 7.703216218414377092e-01 -5.067349538148038096e-02 4.981454575221624936e-01 8.273339079051842404e-01 -2.545621826709433821e-01
5.369272795700156031e+00 3.286451315765225978e+00 1.873946215859706443e-01 -5.046117985983324117e-02 4.976577166194496860e-01 8.274642753774240633e-01 -2.551339636159478674e-01
4.882492047539681579e+00 3.319281686154224698e+00 -1.994033844153786372e-01 -4.804751061640777365e-02 4.979498174480466721e-01 8.272784888630934086e-01 -2.556319970023702148e-01
5.503343460259880082e+00 3.345461638343690147e+00 2.984210186914022511e-01 -5.122362430905739311e-02 4.975732610596532157e-01 8.282603829513754956e-01 -2.525504468900177102e-01
4.723368816291870331e+00 3.193714605325503442e+00 1.735549609045714536e-01 -4.789107743625739544e-02 4.985408853559442077e-01 8.281235764340875161e-01 -2.517434656242772961e-01
4.934827398824460865e+00 3.244380422290764621e+00 2.479217411647863800e-01 -4.774285622621134151e-02 4.990010058762920364e-01 8.276594488853366016e-01 -2.523855235242963846e-01
4.475906606744367799e+00 3.141078090039341131e+00 3.210575467693402851e-01 -4.866857366232306414e-02 4.989387431420138075e-01 8.276962713242439484e-01 -2.522109889863766163e-01
4.382375199669313659e+00 3.260899426900139897e+00 1.247654328413122515e-01 -4.413241917449638868e-02 5.023634700233193806e-01 8.241682541639424597e-01 -2.577401062937142440e-01
3.954769412098558590e+00 3.377794090550224837e+00 1.316120635081915458e-01 -4.424156225603721043e-02 5.021702064225460616e-01 8.240627775880033923e-01 -2.584343370077348268e-01
3.594305575325012825e+00 3.818876052944092159e+00 -5.676026479550118076e-01 -4.337630358264157188e-02 5.029471050273972565e-01 8.231219443378721135e-01 -2.600633972351888978e-01
2.856111099023767252e+00 3.757439984342277661e+00 -1.870777929084357361e-01 -4.412558592813847075e-02 5.034448957895207855e-01 8.229350491153935021e-01 -2.595651642794580272e-01
2.668610134821554070e+00 3.673577647650874134e+00 -1.004785676448767262e-01 -4.501811314697466010e-02 5.033546537717256131e-01 8.237266626097901057e-01 -2.570638973499965174e-01
3.151049416271103354e+00 3.748117775907696014e+00 -4.948785080059414643e-01 -4.386967966694887977e-02 5.044952729957958848e-01 8.226513327331658187e-01 -2.584661592610583147e-01
2.623988829700753200e+00 3.190843761874488926e+00 4.992555794918407397e-02 -4.383086266947959497e-02 5.050389604715680436e-01 8.224120307692190934e-01 -2.581723368788687023e-01
2.821930275980276903e+00 3.124492912578807235e+00 4.952749433645493027e-01 -4.870949314259541418e-02 5.004456558547863976e-01 8.269826112078217939e-01 -2.515577301013762757e-01
2.324497958484673887e+00 3.080276054829456989e+00 5.825163900756062940e-01 -5.890105470738325744e-02 5.011011248803297624e-01 8.261148474164804467e-01 -2.509234689622940606e-01
2.144659567935482514e+00 3.170216892431340749e+00 3.894732376938999652e-01 -5.848386559165549836e-02 5.007143381136001103e-01 8.259313034921862418e-01 -2.523930882267077513e-01
2.106158660215514900e+00 3.357422223909663384e+00 4.987492900321066625e-02 -5.690158392549359012e-02 5.024936496259091445e-01 8.242620342052722204e-01 -2.546653506077944384e-01
1.279551832965557523e+00 3.081237295796094067e+00 7.961530892877181076e-01 -6.213311092201826563e-02 5.028618308891050770e-01 8.250072722868351249e-01 -2.502647722629876004e-01
3.816311168214170380e-01 2.826189246128319787e+00 8.969146327270137720e-01 -6.357997010943987337e-02 5.044005024462193676e-01 8.244573717069205721e-01 -2.486116706250948716e-01
-4.537521043164201018e-01 2.818309195635130493e+00 4.793104734368867081e-01 -6.441399509326597994e-02 5.001550339460539840e-01 8.248859490640157999e-01 -2.554583141949080538e-01
-4.989416804585822263e-01 2.840324361621969107e+00 4.590301454649279300e-01 -6.541287892920995273e-02 4.993448149979769490e-01 8.249236763744590695e-01 -2.566648381872273510e-01
-5.817871196893182884e-01 2.608989589083802851e+00 -1.865299568658098650e-01 -6.328897795938462356e-02 5.010707345999604323e-01 8.232402203159908671e-01 -2.592260863616763222e-01
-7.131848880451361339e-01 2.346807391355118178e+00 3.112871899950819810e-01 -6.387341512894809115e-02 5.023781638588916687e-01 8.229913108056376991e-01 -2.573357139146292272e-01
-1.433565174356886018e+00 2.484310247101736202e+00 -4.200822323464867836e-01 -6.217569367182704254e-02 5.034171135563956234e-01 8.222356381335604869e-01 -2.581355230844276094e-01
-7.327035566448962811e-01 2.913213711136287909e+00 -8.266992162752750950e-01 -6.115856080034207110e-02 5.014295137658046908e-01 8.228556556312716097e-01 -2.602626426536271964e-01
-1.044866333483014387e+00 3.098058064742553519e+00 -9.017110784883408670e-01 -6.069868929071370323e-02 5.037264219125526798e-01 8.201085377038785929e-01 -2.645701180609261738e-01
-1.347948530700097791e+00 3.384441183506561757e+00 -1.595636175825255965e+00 -5.979152353414826648e-02 5.037520582235004429e-01 8.197590400953982392e-01 -2.658081144941282781e-01
-2.113765124276323348e+00 3.402763281590754918e+00 -1.861752733905868595e+00 -5.926027484078295882e-02 5.052273749918890777e-01 8.181729837200907296e-01 -2.680046419283894088e-01
-2.309022839434488716e+00 3.257123574292897228e+00 -1.485013859197620079e+00 -6.128731297468359429e-02 5.056455746311976363e-01 8.179709832613354381e-01 -2.673759313526803960e-01
-2.883537994155901174e+00 3.028676753595056947e+00 -1.543438424915681395e+00 -5.904960825840712552e-02 5.036548096764039695e-01 8.193307831926381901e-01 -2.674734457236677687e-01
-2.466156587557840396e+00 2.899733345190688372e+00 -7.147040501581873873e-01 -6.017243467076929808e-02 5.044166222971473434e-01 8.193804314691834900e-01 -2.656291734382797420e-01
-1.941107874248357845e+00 2.519023459855163516e+00 -2.440172270534570753e-01 -5.953254704757492827e-02 5.061599505903499052e-01 8.186953327287990190e-01 -2.645674440071639211e-01
-2.591506599663327748e+00 2.185781933862434467e+00 -6.007805431992330192e-02 -5.969126444451664654e-02 5.060709728419783282e-01 8.188653724093239994e-01 -2.641753683913916628e-01
-2.828247802270437816e+00 2.234620163445926178e+00 -2.797270885059450762e-01 -5.681141554861447035e-02 5.037836896608252069e-01 8.189972658128840122e-01 -2.687339496344076650e-01
-2.826400909218058644e+00 2.309346180405381865e+00 -4.185879779592760475e-01 -5.514927097174560783e-02 5.036938706198952342e-01 8.182487985135072917e-01 -2.715141733730210838e-01
-2.488329703431324091e+00 2.393590738582221267e+00 -1.015490048070024631e-01 -6.127637461676808950e-02 5.009297474951035500e-01 8.203900095085070454e-01 -2.688397780964515427e-01
-2.664325659598715035e+00 2.312516887354489015e+00 -2.996337358019218744e-01 -5.708889282398777604e-02 5.028259132036579926e-01 8.195303384103735933e-01 -2.688437906145819678e-01
-3.319935865997463154e+00 2.424375096980214916e+00 -4.168383893503186943e-01 -5.865926135312891226e-02 5.044750348358590930e-01 8.176217860687263750e-01 -2.712169707644598859e-01
-4.217382653197498499e+00 2.809989171937330887e+00 -6.136038775543923851e-01 -6.007471095581292525e-02 5.047050650985327458e-01 8.173433955463077494e-01 -2.713182635288183264e-01
-4.628719400541465134e+00 2.625303160576337724e+00 -7.690052047644129196e-01 -5.962762877010815976e-02 5.050373734069724119e-01 8.170965414685875672e-01 -2.715419659454376133e-01
-4.078019211849936099e+00 2.427720178701754161e+00 -3.669048882211336515e-01 -5.962453379736360609e-02 5.056869994139794322e-01 8.171785395691648635e-01 -2.700829651435646683e-01
-3.664060630001870322e+00 2.413715156984412413e+00 -3.383731910445466617e-01 -5.915810161054173982e-02 5.057098947031753999e-01 8.173497431324597828e-01 -2.696242177817896879e-01
-2.886243077645969990e+00 2.856166898117075803e+00 -7.207710140689465028e-01 -5.909912522049611677e-02 5.083318025017438124e-01 8.146806976768373731e-01 -2.727662603700863331e-01
-2.020252758331874787e+00 2.945680890950580277e+00 -1.005482179691135514e+00 -5.810203075658162963e-02 5.077553551145934652e-01 8.151450681907984608e-01 -2.726667768149119153e-01
-2.772381341025697665e+00 3.044902954636976578e+00 -1.022283224529737744e+00 -5.827992106333278882e-02 5.076727580802058437e-01 8.149113323512566787e-01 -2.734800576085728019e-01
-3.164711466170462728e+00 3.025009002689670989e+00 -1.130319212726426770e+00 -5.799260193546602882e-02 5.072582252269555170e-01 8.151822401213242308e-01 -2.735029551049373842e-01
-3.040352974584461521e+00 3.035597754354995459e+00 -5.711455936766480779e-01 -6.053343880731541088e-02 5.073030506259443850e-01 8.156946392658188660e-01 -2.713329561346670693e-01
-3.320238242300746379e+00 2.931461507483986484e+00 -4.815766350407040264e-01 -7.062682395710444261e-02 5.038343982441465529e-01 8.188069610009597321e-01 -2.659283954376888137e-01
-2.953917262673016353e+00 2.609852512201892516e+00 1.393439079203789843e-01 -7.214852677395901248e-02 5.044646771751275516e-01 8.186539124076317453e-01 -2.647937900831874303e-01
-3.636742297463197104e+00 2.413297140211062342e+00 4.629422770632580786e-01 -7.156748105292222439e-02 5.046511243245228595e-01 8.180927310786469953e-01 -2.663261566763867050e-01
-4.115106506929567587e+00 2.323518775889051646e+00 7.303250171609116936e-01 -7.375917890841367230e-02 5.017653415280796114e-01 8.196437069911930440e-01 -2.664119350886920423e-01
-4.081125615237434445e+00 2.341680286756832707e+00 7.289503410730273636e-01 -7.307468722634401226e-02 5.017288031780490209e-01 8.194067601195272887e-01 -2.673964465334459084e-01
-4.241914618325823838e+00 2.375571982217671962e+00 2.220839249325813336e-01 -7.133213294869465704e-02 5.026268927542146825e-01 8.189216881826963945e-01 -2.676662139927928341e-01
-3.619763300481471546e+00 2.211150413481989485e+00 1.223245817382425882e+00 -7.130896021610409752e-02 5.027389695948418780e-01 8.188317941443491454e-01 -2.677369110562851651e-01
-4.219374675414032438e+00 2.943814927357816025e+00 2.314004731975268792e-01 -6.757366214032872742e-02 5.028237236268170429e-01 8.158939600473341658e-01 -2.773430170407866768e-01
-4.606807388824927685e+00 3.166302541382015612e+00 -4.417720158448388279e-01 -6.363361902200620479e-02 5.031240592168283454e-01 8.143145565029231703e-01 -2.823273749298695345e-01
-5.409306733335332851e+00 3.234687351891534224e+00 -8.721058327880246708e-01 -6.365211126895919946e-02 5.030076632845920104e-01 8.140016930991030852e-01 -2.834306670771039038e-01
-4.276174726985674468e+00 3.354908025807582739e+00 -3.669076343168089505e-01 -6.444031235393729573e-02 5.059900770568899198e-01 8.129611895608697125e-01 -2.809191918176209835e-01
-4.490718652008718337e+00 3.173976259860152638e+00 -3.169447985438491600e-01 -7.159859035851960651e-02 5.029308788758349857e-01 8.163294990677358864e-01 -2.748459966666285115e-01
-4.246127575630696427e+00 3.200380517510639677e+00 3.320922548881433123e-02 -7.223040555024580478e-02 5.026868799447612446e-01 8.169717746369882239e-01 -2.732138149727029730e-01
-4.688497977684102480e+00 3.368107139491238744e+00 -6.153149407853708563e-01 -6.893489008169238763e-02 5.013553693354588781e-01 8.156959207544309809e-01 -2.802337228680939485e-01
-5.519196843625030269e+00 3.421751277777436151e+00 -4.985975572050567184e-01 -7.069742177731482002e-02 5.037864129994520379e-01 8.141082579335342517e-01 -2.800515470330629531e-01
-6.266851355860575623e+00 3.438985165936990107e+00 -7.532784669761962704e-01 -7.115021956222403188e-02 5.035524578684755781e-01 8.139946390823751265e-01 -2.806871852721781746e-01
-6.414220851459672801e+00 3.477495725012241135e+00 -9.623374113614864278e-01 -7.055047826146966516e-02 5.016124574910775236e-01 8.144451981020548459e-01 -2.829957451894719034e-01
-6.462686327750885695e+00 3.378556861174431880e+00 -8.536293006165764918e-01 -7.162807692162394269e-02 5.012976860521022315e-01 8.151534780228877342e-01 -2.812380767650557445e-01
-6.809464891122816610e+00 3.232118297899723824e+00 -9.565347983542782373e-01 -7.234588474514477840e-02 5.004948978879614208e-01 8.158028851877796583e-01 -2.806003967706667823e-01
-6.865324531257284590e+00 3.237724329249720867e+00 -9.892865614023622634e-01 -7.222039184253921384e-02 5.002045140649881150e-01 8.158960541165783953e-01 -2.808794901521233789e-01
-7.055401259082513477e+00 3.270958532976333100e+00 -1.116626367243628515e+00 -7.218588837609707376e-02 5.002187161693515405e-01 8.158769249583492922e-01 -2.809186302717343042e-01
-6.902036469571084965e+00 3.287664137138726517e+00 -8.490015951812877049e-01 -7.122410047273024236e-02 5.027470564605504011e-01 8.148175946436573280e-01 -2.797227416411243728e-01
-7.584217962934216573e+00 3.044455279945100123e+00 -1.586715707426753497e+00 -7.522405302921919557e-02 5.094979664049705814e-01 8.112503231020562477e-01 -2.768141566861525016e-01
-8.331431621194743897e+00 3.026370207126783285e+00 -1.348651924137783453e+00 -7.563290738834665961e-02 5.099469615196811079e-01 8.106699377746273694e-01 -2.775752361888798037e-01
-8.609370290926568359e+00 3.046749334057494707e+00 -1.454982711163659292e+00 -7.568979075286740021e-02 5.093955427784485623e-01 8.107153193171815486e-01 -2.784383371550642194e-01
-8.574715596640460902e+00 2.957554549592727344e+00 -1.192868940646813591e+00 -7.606860305043740278e-02 5.092754344436130065e-01 8.108775060258515133e-01 -2.780823074622321145e-01
-9.057949272681012687e+00 2.936231451578050322e+00 -1.054953205309266728e+00 -7.647278913308101778e-02 5.085686968904474803e-01 8.106281201906031519e-01 -2.799854350169103667e-01
-9.292365853182088742e+00 2.554028245008709952e+00 -9.276638843945375079e-01 -7.627548588464873325e-02 5.068691302479015892e-01 8.115438268638158759e-01 -2.804680946810698683e-01
-9.565153971412579281e+00 2.083695843762957800e+00 -4.316409496175488414e-01 -7.711796807685056265e-02 5.065418273654670456e-01 8.122571156017484029e-01 -2.787589896008362267e-01
-1.038430933757590147e+01 2.112998617904173759e+00 -6.188332508911944529e-01 -7.759459999674142572e-02 5.074407235797152582e-01 8.116444796762035674e-01 -2.787763058715457265e-01
-1.108455752048521425e+01 1.861226041272252996e+00 -3.761779184524076669e-01 -7.758424303733246763e-02 5.077648341050612357e-01 8.112548700582520311e-01 -2.793225631511934148e-01
-1.023699964161361997e+01 1.995765814807650251e+00 1.922055265785144185e-01 -7.771911872935383103e-02 5.075652628078654027e-01 8.116620622288588383e-01 -2.784635331836310401e-01
