-4.159557827238399952e+00 8.884236125416215657e+00 -3.624095870336327407e-01 1.750317409116148026e-01 -2.020115613471165916e-01 9.278400727799522851e-01 -2.601307711502856557e-01
-4.351458372952636822e+00 9.429151464338927369e+00 3.091695850895970210e-02 1.630138990636857688e-01 -2.004666776336898604e-01 9.328917676732164654e-01 -2.509034269955401353e-01
-4.090507981066393128e+00 9.155508314235456524e+00 -1.949774076042250781e-01 1.585735188085551362e-01 -1.893147536078120252e-01 9.321161252013125953e-01 -2.649035528994977962e-01
-4.476038228318817147e+00 9.610819234206237738e+00 -1.392388182203810609e-01 1.598546200419684871e-01 -1.893084820014864778e-01 9.313611816852996883e-01 -2.667867094577483500e-01
-3.479534496825226864e+00 8.808572090228462770e+00 -4.163416409765828829e-01 1.581423963278867639e-01 -1.911344948372730446e-01 9.296105831769121419e-01 -2.725486213732425944e-01
-3.573593246588975703e+00 8.275190866910580922e+00 -4.126010649702476774e-01 1.597047957363956217e-01 -1.906108414479349700e-01 9.295429713163311236e-01 -2.722347329377951541e-01
-3.206407319071127304e+00 7.591240798603481998e+00 -9.363882000359573521e-01 1.598966487693978256e-01 -1.904564295388395945e-01 9.294911883322631851e-01 -2.724069400222947634e-01
-3.874892352436309917e+00 8.117145634308899460e+00 -6.821099178846308231e-01 1.618113928931163292e-01 -1.905554301076505253e-01 9.288957497972366584e-01 -2.732368701239039632e-01
-4.211610432499412582e+00 7.189602349566742490e+00 -7.041572954023107567e-01 1.618815945780963661e-01 -1.902732212224633179e-01 9.291906129512806922e-01 -2.723880603582021775e-01
-3.925366339064888077e+00 5.790310293907728223e+00 -1.147902680512434159e+00 1.674380596106836705e-01 -1.930236228760921213e-01 9.298697714130305103e-01 -2.646669329891357947e-01
-3.511998930822804343e+00 4.990489642795224334e+00 -1.160856803430270201e+00 1.668356799689778569e-01 -1.932518068309676262e-01 9.307196806518194254e-01 -2.618787335642784320e-01
-3.804168870498344290e+00 5.309399794878815193e+00 -9.465547436402730330e-01 1.662296980158461113e-01 -1.938231522564962672e-01 9.307611336998825591e-01 -2.616944499614481945e-01
-4.125164977696486268e+00 5.473983769283973899e+00 -5.207308735350772988e-01 1.632744919158605479e-01 -1.945667334998641418e-01 9.304397779742004104e-01 -2.641345226738278096e-01
-3.519140388058317637e+00 6.363041507952090114e+00 -2.099613799196845820e-01 1.655638265781205487e-01 -1.951548994342694743e-01 9.288629755805288823e-01 -2.677998453160421177e-01
-3.999265984584048805e+00 6.637473883960359977e+00 7.862886100920918331e-01 1.641605258231763897e-01 -2.012182564159216425e-01 9.293705777949919922e-01 -2.623601802396796079e-01
-4.504424295201027384e+00 7.012553017478285966e+00 1.338125161048437928e+00 1.623023513935724638e-01 -2.036266379054137154e-01 9.271681702298431027e-01 -2.693572408161686305e-01
-3.802042615015956528e+00 6.076462433797811258e+00 5.772224011397182331e-01 1.626090019582708823e-01 -2.033295958145357185e-01 9.274489199101566550e-01 -2.684285545643688153e-01
-4.596217941364313830e+00 6.994805975259133390e+00 1.339812939228395727e+00 1.636655405644922012e-01 -2.039641375765294806e-01 9.270038014863867248e-01 -2.688422835868325422e-01
-4.493046380230452108e+00 6.881480644412599545e+00 1.285770003558811325e+00 1.639859168313415883e-01 -2.040936209319316463e-01 9.270707624447280804e-01 -2.683173762469133750e-01
-4.422070584823433848e+00 5.942209882255861331e+00 5.508468953028695658e-01 1.657229055575522580e-01 -2.029228725012311996e-01 9.268409264683132864e-01 -2.689314474225173446e-01
-4.465155193393034239e+00 5.072519759165217579e+00 5.927760275351368069e-01 1.654591797432314881e-01 -2.023761962573722706e-01 9.271514722641402972e-01 -2.684348757250660245e-01
-4.971558570401942490e+00 5.561863178996132362e+00 1.062431077070862040e+00 1.635452387083968784e-01 -2.029026355279335003e-01 9.261226160369594451e-01 -2.727276580335971645e-01
-5.453294007689947875e+00 6.273537077444132137e+00 1.380474817755709571e+00 1.638219804816936076e-01 -2.026755024188884591e-01 9.262130897942399965e-01 -2.724230381669542900e-01
-6.093086029903632905e+00 6.566835148671215094e+00 1.911046672341321973e+00 1.643180632149465470e-01 -2.028690889738411773e-01 9.263872168094843262e-01 -2.713861296606556728e-01
-5.100156189382424543e+00 7.064440550855681344e+00 1.718714015009623619e+00 1.651130989387264159e-01 -2.030362781316758791e-01 9.266444980055580372e-01 -2.698961071177475857e-01
-6.099566034253984803e+00 6.532071340408759141e+00 1.838483241564263349e+00 1.672068417334512669e-01 -2.017465276111864991e-01 9.257209573618253584e-01 -2.727286559484696782e-01
-5.797060053508634958e+00 6.617801180690639384e+00 1.922023845170274026e+00 1.663887264962124746e-01 -2.028083076818356922e-01 9.254864549977253052e-01 -2.732369002275167325e-01
-6.097084848967129211e+00 6.021198971553122448e+00 2.012726109383593975e+00 1.642916276060934211e-01 -2.037790844308475791e-01 9.258965772219898138e-01 -2.723928672628381786e-01
-6.117036847782747699e+00 5.678383174995527582e+00 2.087565631002300748e+00 1.632793698224425938e-01 -1.982880538356407152e-01 9.261426534993182358e-01 -2.761910216964009734e-01
-6.057674133784752613e+00 5.054083231301246038e+00 2.112834710178638886e+00 1.630968836756373774e-01 -1.983974325752458356e-01 9.259695620898714674e-01 -2.767999916292230855e-01
-5.224303477534242290e+00 4.541698160661397310e+00 1.292450416232806321e+00 1.628275038933773566e-01 -1.981187968184408010e-01 9.258842050707348781e-01 -2.774429403023240814e-01
-5.121255266227274561e+00 3.367805833922255410e+00 1.326790623275180936e+00 1.623008195264447062e-01 -1.974427383907019218e-01 9.265946755185313632e-01 -2.758570578008340268e-01
-5.208129243499392658e+00 3.080323967195800705e+00 1.229906542566993499e+00 1.648165424502728849e-01 -1.973898423002371783e-01 9.267076945767435125e-01 -2.740175291905279087e-01
-5.158704850851409063e+00 3.917794911711474981e+00 9.374909365232511060e-01 1.657251718067988266e-01 -1.967610166414394124e-01 9.258940669688962011e-01 -2.766594413925385076e-01
-4.516346288272107934e+00 3.089020438470707397e+00 1.162631092217770168e-01 1.658106887754436654e-01 -1.965912567516488185e-01 9.258449854783868949e-01 -2.768930409402627912e-01
-4.421920665750207036e+00 3.729548914021680872e+00 3.724404202872372838e-01 1.695596131724698974e-01 -2.015957814608654586e-01 9.256123245229950225e-01 -2.717544906144572781e-01
-4.709710043917604949e+00 3.146521070176417467e+00 6.762631796780456117e-01 1.593696100060716381e-01 -2.000324832479386528e-01 9.308875786626813476e-01 -2.608383578841617645e-01
-4.602059420191515038e+00 2.783289454148359710e+00 5.658866947274736603e-01 1.583892616960976829e-01 -2.005761427463040869e-01 9.309214307861137794e-01 -2.608971874963663673e-01
-4.111717654142695189e+00 3.035445762445910134e+00 5.483322280514844049e-01 1.579855780757835060e-01 -2.006258887478468145e-01 9.305166402651864344e-01 -2.625425528819788634e-01
-4.173228070939369871e+00 1.415775924863645230e+00 6.541612412910813301e-01 1.565653787930468277e-01 -2.006064199270793103e-01 9.320020121675742786e-01 -2.581019096462150442e-01
-4.359759040128170504e+00 2.292224144887970994e-01 8.512759521100027316e-02 1.544111401771828818e-01 -2.002245460258817167e-01 9.325871665917203623e-01 -2.575820406517872474e-01
-5.541510577109337810e+00 4.293408204341382373e-01 6.433335361705050381e-01 1.471327539427051967e-01 -2.071457246906463490e-01 9.306510822198071908e-01 -2.633081172746564169e-01
-5.592308174034549495e+00 4.462273619333885222e-01 6.983105846187547261e-01 1.455572170509058516e-01 -2.081080883506782608e-01 9.307428701557839412e-01 -2.631004176765886493e-01
-4.973791441210245523e+00 -2.037394503729341722e-01 3.095066840269865005e-01 1.458951645956877152e-01 -2.068180354888181915e-01 9.304921872186812104e-01 -2.648116135465698462e-01
-4.603420649719940805e+00 -7.448359138753115616e-01 -1.794181116956890532e-01 1.469747159005410087e-01 -2.060444043214315624e-01 9.308766557837475641e-01 -2.634630677166123203e-01
-5.046846539261254705e+00 -1.705377834548219340e+00 -1.194600024427253659e+00 1.508971477307072540e-01 -2.046914611336440315e-01 9.309984166644168502e-01 -2.618652415156692004e-01
-5.193792137787811569e+00 -8.094517911808587485e-01 -2.671644091222706852e-01 1.510336562143192729e-01 -2.061447747747285064e-01 9.271482949556678621e-01 -2.740240969046501829e-01
-5.477559987241477302e+00 -9.219825062588622444e-01 1.592728655505412649e-01 1.452200834439090205e-01 -2.072889741460214874e-01 9.255017383454077207e-01 -2.817604317175537720e-01
-6.108056854472504682e+00 -2.795337339924053310e-02 5.008219678134988584e-01 1.451460043863430083e-01 -2.076046241673360493e-01 9.254109390580269601e-01 -2.818644200795115684e-01
-7.091927968971820206e+00 -1.974034825814818817e-02 1.092306710957139604e+00 1.398095831659015020e-01 -2.081109040487580109e-01 9.249672493672479456e-01 -2.856198866832852512e-01
-6.761591078811120425e+00 -4.137413739004909274e-01 7.194874703079692235e-01 1.392091438081886901e-01 -2.070552879486688147e-01 9.258424366475486167e-01 -2.838392230034719188e-01
-7.430447912668316945e+00 -9.583705887322278016e-01 5.494539654511783056e-01 1.423715604474037610e-01 -2.084560490390295617e-01 9.243841857633079417e-01 -2.859900199404084020e-01
-6.335630697244504006e+00 -1.666244731567287474e+00 3.063153077740773944e-01 1.424802073583046058e-01 -2.091503705581460870e-01 9.250549999399408918e-01 -2.832468183274806650e-01
-5.787525188972977297e+00 -2.135438037932525290e+00 -5.691078582379394124e-01 1.427435920321596385e-01 -2.071091684477162076e-01 9.253288333283682388e-01 -2.837192441302012758e-01
-6.033443357685761121e+00 -3.152116960291296621e+00 -7.788581751404348719e-01 1.428259916308697031e-01 -2.071755979859202790e-01 9.255076184182629007e-01 -2.830453249279874517e-01
-6.389361488829036873e+00 -2.946177500374284719e+00 -5.674384886432846109e-01 1.418802626824997026e-01 -2.105266597402026540e-01 9.232122150969283014e-01 -2.884921532652159892e-01
-6.452371267887702544e+00 -2.749641824483211039e+00 -4.823278753064125235e-01 1.412123004670481075e-01 -2.110913744637512857e-01 9.223464054797230194e-01 -2.911642596927769833e-01
-5.799442354521733733e+00 -2.863489338443308441e+00 -4.086509720509802768e-01 1.394204113152241742e-01 -2.161282964140587848e-01 9.242807826259161752e-01 -2.820559222322308046e-01
-6.100817060702583561e+00 -2.612383412475416833e+00 -4.078248071052857915e-01 1.401603917471589411e-01 -2.145063445838052141e-01 9.240752900924051882e-01 -2.835964579454649526e-01
-6.578919615948027655e+00 -3.237082553350935754e+00 1.354668838887259641e-01 1.368350332229472111e-01 -2.150899617470839464e-01 9.248717027820755332e-01 -2.821786941487559042e-01
-6.647065786002062993e+00 -1.889470280667651991e+00 5.465312972257891921e-01 1.369429127645535593e-01 -2.147238580298222732e-01 9.249752503548123173e-01 -2.820657541556593761e-01
-7.014344837369785424e+00 -2.382779490125299660e+00 2.679864018968329265e-01 1.369616649736083713e-01 -2.151342670363401710e-01 9.248204210922629231e-01 -2.822515512891352052e-01
-6.229436301712118151e+00 -2.571557576519881039e+00 -3.306068324229558542e-01 1.378528145385250203e-01 -2.147158720325294534e-01 9.252947975453184037e-01 -2.805766088908440703e-01
-6.198104421667784081e+00 -1.984907510122035035e+00 -3.480050317735643439e-01 1.408359036144213317e-01 -2.137392148718200713e-01 9.253605413278179759e-01 -2.796223611097206629e-01
-5.552896416423042325e+00 -9.615625024814065114e-01 3.110053698827938695e-01 1.359431088397702325e-01 -2.122664385705037016e-01 9.258603815133672477e-01 -2.815048563692905126e-01
-5.400680441542178301e+00 3.049584398980016431e-01 5.437757348069265362e-01 1.365392862994601053e-01 -2.123734972986631997e-01 9.250491419295804318e-01 -2.837932450875385038e-01
-5.431228565660513041e+00 -2.860066893530799348e-01 1.440331058328530700e+00 1.342872364730031687e-01 -2.140829617022456666e-01 9.247021836556936769e-01 -2.847126536907523819e-01
-5.994261394835802115e+00 -3.763274386249477743e-01 1.353784726329613664e+00 1.359047127736096039e-01 -2.142182068119568294e-01 9.248462953278411280e-01 -2.833721915336086528e-01
-5.318170279086575469e+00 -8.162565559679730853e-01 1.438629820396193582e+00 1.348033983120338342e-01 -2.157869492629705122e-01 9.259264492443984862e-01 -2.791491481645029249e-01
-5.431077192713744672e+00 -1.242794109393788204e+00 1.449456156290085840e+00 1.306500492453916695e-01 -2.186481402132800789e-01 9.310355233213863935e-01 -2.613358179184838148e-01
-4.901244899582857251e+00 -1.965569951557959882e+00 7.818251996105785029e-01 1.301453490420973469e-01 -2.176997340498109668e-01 9.311716580442085389e-01 -2.618937898701529932e-01
-4.371921644322580569e+00 -2.934040023102037154e+00 8.414450063225222820e-01 1.299770170068845210e-01 -2.177047547056915333e-01 9.307293842642964110e-01 -2.635401830756181618e-01
-4.291844607205791640e+00 -3.687258643388432233e+00 6.310359678251293847e-01 1.306709363526296630e-01 -2.179703348077967340e-01 9.317373822986427800e-01 -2.593829022194345524e-01
-4.269671713563721660e+00 -3.638647340374561168e+00 6.421799460389698844e-01 1.304930167287565723e-01 -2.183492084325868721e-01 9.312427111185324069e-01 -2.609256766791970827e-01
-4.547115281836134670e+00 -2.971671299112982112e+00 8.593198690972481124e-01 1.312554522821033354e-01 -2.171174784499939059e-01 9.315068461531084143e-01 -2.606280920538424639e-01
-3.354600666833331690e+00 -3.973053402426533154e+00 2.160860228458452714e-01 1.313153179783093927e-01 -2.174256669623781946e-01 9.314690595673630336e-01 -2.604760213127356172e-01
-2.534412721423936699e+00 -5.204654084681989090e+00 -1.040198962592504772e+00 1.301250279445357316e-01 -2.185081081973112294e-01 9.290831108770386537e-01 -2.685633199778222346e-01
-3.018569824359103926e+00 -6.217600794754325477e+00 -8.217736916502613731e-01 1.284121929203336510e-01 -2.188768968241550650e-01 9.286740306131744394e-01 -2.704953929565155346e-01
-3.366998675970868771e+00 -7.429761719624416116e+00 -1.105290714378895034e+00 1.285879914814501701e-01 -2.192339908910157786e-01 9.286795213699390317e-01 -2.701035584231820108e-01
-2.108945052361965722e+00 -6.250910501493553539e+00 -7.294669834603513259e-01 1.304150284973052965e-01 -2.169491972570865290e-01 9.281702226853061344e-01 -2.728094644103501998e-01
-2.226435749827336608e+00 -6.524383090899343429e+00 -1.001976785644642431e+00 1.295310954673248027e-01 -2.222691805944864984e-01 9.317827504996882837e-01 -2.561230417907108814e-01
-1.690344261974869422e+00 -6.805544770570849167e+00 -1.025559382663295827e+00 1.311512141895725403e-01 -2.231073612558606423e-01 9.319763338354619675e-01 -2.538554264550185735e-01
-2.570518760546974590e+00 -6.227989279626939378e+00 -5.975991181494498816e-01 1.293628356547356084e-01 -2.236148353788913745e-01 9.303625766992712487e-01 -2.601675191628077810e-01
-2.803043884015280263e+00 -7.127824458829358889e+00 1.455131817960794716e-01 1.264977497577319809e-01 -2.226787853506091985e-01 9.313478687239865605e-01 -2.588505848637309148e-01
-3.833676235834597712e+00 -7.044458381514287382e+00 5.717421625048795253e-01 1.251371497142806100e-01 -2.233976522580508606e-01 9.310743266862899770e-01 -2.598745484125916660e-01
-4.086172164325045486e+00 -6.809045814286889708e+00 6.938525790104217439e-01 1.243301037665398984e-01 -2.247436145470794455e-01 9.304320216711130520e-01 -2.613973719583281285e-01
-4.051205358907968623e+00 -6.970767723440490116e+00 5.502177538784647215e-01 1.246104763868099152e-01 -2.251409563420465332e-01 9.307018665293662618e-01 -2.599573322504957207e-01
-4.458755199743283271e+00 -7.273756843289380214e+00 3.327400251680494025e-01 1.250896587599981957e-01 -2.261276013201059809e-01 9.311197322985262925e-01 -2.573614759765788795e-01
-4.509645971379716123e+00 -7.197156923057669076e+00 3.356576550334464115e-01 1.252706763735877693e-01 -2.264253756524758632e-01 9.309840380571146046e-01 -2.575024811228195376e-01
-4.277781663805974688e+00 -7.355051734441659050e+00 1.670662040035997831e-01 1.254403580719261335e-01 -2.265356021537162368e-01 9.309787183794671073e-01 -2.573421136311836444e-01
-4.282116941410749611e+00 -6.991448952714586440e+00 4.099794260770995291e-01 1.241182869747670114e-01 -2.192847171123750161e-01 9.275244460316977024e-01 -2.760566349374477535e-01
-5.061385043326760425e+00 -5.753583264961912747e+00 4.574286989404183212e-01 1.229197431129550599e-01 -2.122261587278384265e-01 9.285796653819042845e-01 -2.785508918382815224e-01
-5.137608143687176110e+00 -6.860970994026644121e+00 4.896288112660665548e-01 1.225832431166318237e-01 -2.121137046267939363e-01 9.283886789675707130e-01 -2.794200880061327164e-01
-5.233904856504500991e+00 -7.261759662403019178e+00 3.979825768098355643e-01 1.223618355320512940e-01 -2.131419073985185708e-01 9.284536227923591012e-01 -2.785174659505078587e-01
-4.974429502314851703e+00 -7.520411346081967707e+00 2.503068070789221111e-01 1.227350321169130148e-01 -2.133510972936006056e-01 9.285270730397702232e-01 -2.779476494001597575e-01
-5.091469392342428790e+00 -8.201344105656641403e+00 4.224652416882243577e-01 1.200684149412821200e-01 -2.149780980409833619e-01 9.282231689628510640e-01 -2.788722677082320356e-01
-4.962754528325885595e+00 -8.633796751594214669e+00 -5.895358296253294661e-02 1.216498550106336479e-01 -2.161620653658630209e-01 9.277612552671148372e-01 -2.788087651022535529e-01
-5.250807048316959325e+00 -7.859996262905752928e+00 5.764866333606799564e-01 1.212377156414300716e-01 -2.166322026785121313e-01 9.276565756412705754e-01 -2.789716522125776366e-01
-5.853912019808324985e+00 -6.833857941037287276e+00 5.754661054493530603e-01 1.207306790419149650e-01 -2.162245692361604854e-01 9.276445792348073649e-01 -2.795470862180328697e-01
-5.502348771281767803e+00 -7.709637456617709717e+00 -5.167108597288416760e-03 1.203511170919322193e-01 -2.164235740059953783e-01 9.276988603126201660e-01 -2.793765734700413006e-01
-4.186066729885181914e+00 -8.302281567176564181e+00 -2.039140772883336616e-01 1.211629325728432877e-01 -2.174346445764875346e-01 9.280290937246705729e-01 -2.771348413837775304e-01
